  79240 640
  33193 511
  31698 710
  26813 630
  22458 690
  16380 670
  12395 650
   9475 311
   8060 410
   7733 512
   7575 430
   7489 521
   7364 720
   4065 420
   3709 341
   3241 620
   2423 660
   2324 531
   1769 730
   1733 440
   1350 522
   1180 315
   1021 312
    818 110
    759 610
    693 317
    671 331
    560 345
    552 532
    495 347
    392 321
    369 342
    221 680
    126 314
    108 335
    102 332
    102 313
     75 337
     65 322
     62 325
     56 336
     56 316
     51 344
     35 346
     34 327
     27 343
     16 334
     13 333
     13 324
     13 120
      6 323
      2 326
      1 UCR #
